107708356206927
107708389531302
107708422855625
107708456180000
107708489504375
107708522828698
107708556153073
107708589477396
107708622801771
107708656126146
107708689450468
107708722774843
107708756099218
107708789423541
107708822747916
107708856072239
107708889396614
107708922720989
107708956045312
107708989369687
107709022694062
107709056018385
107709089342760
107709122667083
107709155991458
107709189315833
107709222640156
107709255964531
107709289288906
107709322613229
107709355937604
107709389261927
107709422586302
107709455910677
107709489235000
107709522559375
107709555883750
107709589208073
107709622532448
107709655856823
107709689181146
107709722505521
107709755829843
107709789154218
107709822478593
107709855802916
107709889127291
107709922451614
107709955775989
107709989100364
107710022424687
107710055749062
107710089073437
107710122397760
107710155722135
107710189046510
107710222370833
107710255695208
107710289019531
107710322343906
107710355668281
107710388992604
107710422316979
107710455641302
107710488965677
107710522290052
107710555614375
107710588938750
107710622263125
107710655587448
107710722236198
107710755560521
107710788884896
107710822209218
107710855533593
107710888857968
107710955506666
107710988831041
107711022155364
107711055479739
107711088804062
107711122128437
107711155452812
107711188777135
107711222101510
107711255425885
107711288750208
107711322074583
107711355398906
107711388723281
107711422047656
107711455371979
107711488696354
107711522020729
107711555345052
107711588669427
107711621993750
107711655318125
107711688642500
107711721966823
107711755291198
107711788615573
107711821939896
107711855264271
107711888588593
107711921912968
107711955237343
107711988561666
107712021886041
107712055210416
107712088534739
107712121859114
107712155183437
107712188507812
107712221832187
107712255156510
107712288480885
107712321805260
107712355129583
107712388453958
107712421778333
107712455102656
107712488427031
107712521751354
107712555075729
107712588400104
107712621724427
107712655048802
107712688373125
107712721697500
107712755021875
107712788346198
107712821670573
107712854994948
107712888319271
107712921643646
107712954968021
107712988292343
107713021616718
107713054941041
107713088265416
107713121589791
107713154914114
107713188238489
107713221562812
107713254887187
107713288211562
107713321535885
107713354860260
107713388184635
107713421508958
107713463166667
107713496491042
107713529815365
107713563139740
107713596464063
107713629788438
107713663112813
107713696437136
107713729761511
107713763085886
107713796410209
107713829734584
107713863058907
107713896383282
107713929707657
107713963031980
107713996356355
107714029680730
107714096329427
107714129653750
107714162978125
107714196302500
107714262951198
107714296275573
107714329599896
107714362924271
107714396248594
107714429572969
107714462897344
107714496221667
107714529546042
107714562870417
107714596194740
107714629519115
107714662843438
107714696167813
107714729492188
107714762816511
107714796140886
107714829465209
107714862789584
107714896113959
107714962762657
107714996087032
107715029411355
107715062735730
107715129384427
107715162708802
107715196033177
107715229357500
107715296006198
107715329330573
107715362654948
107715395979271
107715429303646
107715462628021
107715495952344
107715529276719
107715562601042
107715595925417
107715629249792
107715662574115
107715695898490
107715729222865
107715762547188
107715795871563
107715829195886
107715862520261
107715895844636
107715929168959
107715962493334
107715995817709
107716029142032
107716062466407
107716095790730
107716129115105
107716162439480
107716195763802
107716229088177
107716262412552
107716295736875
107716329061250
107716362385573
107716395709948
107716429034323
107716462358646
107716495683021
107716529007396
107716562331719
107716595656094
107716628980417
107716662304792
107716695629167
107716728953490
107716762277865
107716795602240
107716828926563
107716862250938
107716895575261
107716928899636
107716962224011
107716995548334
107717028872709
107717062197084
107717095521407
107717128845782
107717162170157
107717228818855
107717262143177
107717295467552
107717328791927
107717362116250
107717395440625
107717428764948
107717462089323
107717495413698
107717562062396
107717595386771
107717628711094
107717662035469
107717728684167
107717762008542
107717795332865
107717828657240
107717861981615
107717895305938
107717928630313
107717961954688
107717995279011
107718061927709
107718095252084
107718128576459
107718161900782
107718195225157
107718228549532
107718261873855
107718295198230
107718328522552
107718361846927
107718395171302
107718428495625
107718461820000
107718495144375
107718528468698
107718561793073
107718595117396
107718628441771
107718661766146
107718695090469
107718728414844
107718761739219
107718795063542
107718828387917
107718861712240
107718895036615
107718928360990
107718961685313
107718995009688
107719028334063
107719061658386
107719094982761
107719161631459
107719194955834
107719228280157
107719261604532
107719294928907
107719328253230
107719361577605
107719394901927
107719428226302
107719461550677
107719494875000
107719528199375
107719561523750
107719594848073
107719628172448
107719661496771
107719694821146
107719728145521
107719761469844
107719794794219
107719828118594
107719861442917
107719894767292
107719928091667
107719961415990
107719994740365
107720028064688
107720061389063
107720094713438
107720128037761
107720161362136
107720194686459
107720228010834
107720261335209
107720294659532
107720327983907
107720361308282
107720394632605
107720427956980
107720461281355
107720494605677
107720527930052
107720561254375
107720594578750
107720627903125
107720661227448
107720694551823
107720727876146
107720761200521
107720794524896
107720827849219
107720861173594
107720894497969
107720927822292
107720961146667
107720994471042
107721027795365
107721061119740
107721094444063
107721127768438
107721161092813
107721194417136
107721227997367
107721261672058
107721295546807
107721329480187
107721363272348
107721397031234
107721430836363
107721464458305
107721497994627
107721531387589
107721564779491
107721598103866
107721631428189
107721664949414
107721698337489
107721731661812
107721765110800
107721798435175
107721831759498
107721865204854
107721898529177
107721931853552
107721965352828
107721998677151
107722032001525
107722065325900
107722098650223
107722131974598
107722165298921
107722198623296
107722231947671
107722265271994
107722298596369
107722331920692
107722365245067
107722398569442
107722431950363
107722465274738
107722498599113
107722531923436
107722565303578
107722598627953
107722631952275
107722665331598
107722698655973
107722731980296
107722765358814
107722798683137
107722865331887
107722898656210
107722931980585
107722965304960
107722998629283
107723031953658
107723065277981
107723098602356
107723131926731
107723165196911
107723198296532
107723231620907
107723264945230
107723298211311
107723331535634
107723364860009
107723398184384
107723431508707
107723464833082
107723498157457
107723531481780
107723564806155
107723598130478
107723631454853
107723664779228
107723698103550
107723731427925
107723764810594
107723798134917
107723831573331
107723865115861
107723898492802
107723931817177
107723965088934
107723998413309
107724031737684
107724065061980
107724098386355
107724131710678
107724165035053
107724198359428
107724231683751
107724298332501
107724331656824
107724364981199
107724431785293
107724465109668
107724498433991
107724531808678
107724565133053
107724598603850
107724665252600
107724698576923
107724731948698
107724765273020
107724798644076
107724831968451
107724865292774
107724898617149
107724931941472
107724965265847
107724998590222
107725032005909
107725065330284
107725098654659
107725131978982
107725165303357
107725198627732
107725231952055
107725265276430
107725298600753
107725331925128
107725365249503
107725398573826
107725431898201
107725465222524
107725498455535
107725531588878
107725564913201
107725631512403
107725664836751
107725698161126
107725731485501
107725764759538
107725798032878
107725831305406
107725864577215
107725897848241
107725931118421
107725964387848
107725997712171
107726030980779
107726064248556
107726097572879
107726130897254
107726197545952
107726230812886
107726264078967
107726297403290
107726330727665
107726364051988
107726397196217
107726430520592
107726463844915
107726497107444
107726530431819
107726563693375
107726630342073
107726663666448
107726696927123
107726730186796
107726763511171
107726796769935
107726830094258
107726863352044
107726930000741
107726963325116
107727029837647
107727063092415
107727096346093
107727129526009
107727162776486
107727196025914
107727229197032
107727262443012
107727328931556
107727362090869
107727395245282
107727428214233
107727461352886
107727527712504
107727560734692
107727593743182
107727626623933
107727659477725
107727692666459
107727725990834
107727759315209
107727792639532
107727825963907
107727859288282
107727892612605
107727925936980
107727959261355
107727992585677
107728025910052
107728059234375
107728092558750
107728125883125
107728192531823
107728225856146
107728259180521
107728325829219
107728359153594
107728392477969
107728459126667
107728492451042
107728525775365
107728559099740
107728592424063
107728625748438
107728659072813
107728692397136
107728725721511
107728759045834
107728792370209
107728825694584
107728859018907
107728892343282
107728925667657
107728958991980
107729025640730
107729058965052
107729092289427
107729125613750
107729158938125
107729192262500
107729225586823
107729258911198
107729292235573
107729325559896
107729358884271
107729392208594
107729425532969
107729458857344
107729492181667
107729525506042
107729558830417
107729592154740
107729625479115
107729658803438
107729692127813
107729725452188
107729750443177
107729783767552
107729817091927
107729850416250
107729917064948
107729950389323
107730008704688
107730042029063
107730075353438
107730108677760
107730142002135
107730175326458
107730208650833
107730241975208
107730275299531
107730308623906
107730375272604
107730408596979
107730441921354
107730475245677
107730508570052
107730541894375
107730575218750
107730608543125
107730641867448
107730675191823
107730708516198
107730741840521
107730775164896
107730800194012
107730866918960
107730900281408
107730933643908
107731000368803
107731033731303
107731067093751
107731133818699
107731167181147
107731200543595
107731267268543
107731300631043
107731333993491
107731400718439
107731434080887
107731500805835
107731534168283
107731567530731
107731600893231
107731634255678
107731667618126
107731700980626
107731734343074
107731767705574
107731801068022
107731834430470
107731901155418
107731934517866
107732001242814
107732034605262
107732067967762
107732101330210
107732134692710
107732201417606
107732234780106
107732268142553
107732301505001
107732334867501
107732368229949
107732401592397
107732434954897
107732468317345
107732501679845
107732535042293
107732568404741
107732601767241
107732635129689
107732668492137
107732701854637
107732735217085
107732768579533
107732801942033
107732835304481
107732868666928
107732902029428
107732935391876
107732968754376
107733002116824
107733035479272
107733068841772
107733102204220
107733135566668
107733202291616
107733235654064
107733269016564
107733335741460
107733369103960
107733402466408
107733469191356
107733502553803
107733535916303
107733602641199
107733636003699
107733669366147
107733702728595
107733736091095
107733769453543
107733802816043
107733836178491
107733869540939
107733902903439
107733936265887
107733969628335
107734002990835
107734036353283
107734069715783
107734103078231
107734136440678
107734203165626
107734236528074
107734269890574
107734303253022
107734336615470
107734369977970
107734403340418
107734436702866
107734470065366
107734503427814
107734536790262
107734570152762
107734603515210
107734636877710
107734670240158
107734736965106
107734770327553
107734803690001
107734837052501
107734870414949
107734903777397
107734937139897
107734970502345
107735037227293
107735070589741
107735103952241
107735170677137
107735204039637
107735237402085
107735270764533
107735304127033
107735337489481
107735370851928
107735404214428
107735437576876
107735470939376
107735504301824
107735537664272
107735571026772
107735604389220
107735637751668
107735671114168
107735704476616
107735737839064
107735771201564
107735804564012
107735837926460
107735871288960
107735904651408
107735938013908
107736004738803
107736038101303
107736071463751
107736104826199
107736138188699
107736171551147
107736204913595
107736238276095
107736271638543
107736305001043
107736338363491
107736371725939
107736405088439
107736438450887
107736471813335
107736505175835
107736538538283
107736571900731
107736605263231
107736638625678
107736671988126
107736705350626
107736738713074
107736772075574
107736805438022
107736838800470
107736872162970
107736905525418
107736938887866
107736972250366
107737005612814
107737038975262
107737072337762
107737105700210
107737139062710
107737172425158
107737205787606
107737239150106
107737272512553
107737305875001
107737339237501
107737372599949
107737405962397
107737439324897
107737472687345
107737506049845
107737539412293
107737572774741
107737606137241
107737639499689
107737672862137
107737706224637
107737739587085
107737772949533
107737806312033
107737839674481
107737873036928
107737906399428
107737939761876
107737973124324
107738006486824
107738039849272
107738106574220
107738139936668
107738173299168
107738206661616
107738240024064
107738273386564
107738306749012
107738340111460
107738373473960
107738406836408
107738440198908
107738473561356
107738506923803
107738540286303
107738573648751
107738607011199
107738640373699
107738673736147
107738707098595
107738740461095
107738773823543
107738807186043
107738840548491
107738873910939
107738907273439
107738940635887
107738973998335
107739007360835
107739040723283
107739074085731
107739107448231
107739140810678
107739174173126
107739207535626
107739240898074
107739274260574
107739307623022
107739340985470
107739374347970
107739407710418
107739441072866
107739474435366
107739507797814
107739541160262
107739574522762
107739641247710
107739674610158
107739707972606
107739741335106
107739774697553
107739808060001
107739841422501
107739874784949
107739908147397
107739941509897
107739974872345
107740008234845
107740041597293
107740074959741
107740108322241
107740141684689
107740175047137
107740208409637
107740241772085
107740275134533
107740308497033
107740341859481
107740375221928
107740408584428
107740441946876
107740475309376
107740542034272
107740575396772
107740608759220
107740642121668
107740708846616
107740742209064
107740775571564
107740808934012
107740842296460
107740875658960
107740942383908
107740975746356
107741009108803
107741042471303
107741075833751
107741109196199
107741142558699
107741175921147
107741209283595
107741242646095
107741276008543
107741309371043
107741342733491
107741376095939
107741409458439
107741442820887
107741476183335
107741509545835
107741542908283
107741576270731
107741609633231
107741651290885
107741684615260
107741717939635
107741742968751
107741776331199
107741809693699
107741843056147
107741876418595
107741909781095
107741943143543
107741976506043
107742009868491
107742043230939
107742076593439
107742109955887
107742143318335
107742176680835
107742210043283
107742243405731
107742276768231
107742310130678
107742343493126
107742376855626
107742410218074
107742443580574
107742476943022
107742510305470
107742543667970
107742577030418
107742610392866
107742643755366
107742677117814
107742710480262
107742743842762
107742777205210
107742810567710
107742843930158
107742877292606
107742910655106
107742944017553
107742977380001
107743010742501
107743044104949
107743077467397
107743110829897
107743144192345
107743177554845
107743210917293
107743244279741
107743277642241
107743311004689
107743344367137
107743377729637
107743411092085
107743444454533
107743477817033
107743511179481
107743544541928
107743577904428
107743611266876
107743677991824
107743711354272
107743744716772
107743778079220
107743811441668
107743844804168
107743878166616
107743911529064
107743944891564
107743978254012
107744011616460
107744044978960
107744078341408
107744111703908
107744145066356
107744178428803
107744211791303
107744245153751
107744278516199
107744311878699
107744345241147
107744378603595
107744411966095
107744445328543
107744478691043
107744512053491
107744545415939
107744578778439
107744612140887
107744645503335
107744678865835
107744712228283
107744745590731
107744778953231
107744812315678
107744845678126
107744879040626
107744912403074
107744945765574
107744979128022
107745012490470
107745045852970
107745079215418
107745112577866
107745145940366
107745179302814
107745212665262
107745246027762
107745279390210
107745312752710
107745346115158
107745412840106
107745446202553
107745479565001
107745512927501
107745579652397
107745613014897
107745646377345
107745679739845
107745713102293
107745746464741
107745779827241
107745846552137
107745879914637
107745913277085
107745980002033
107746013364481
107746046726928
107746080089428
107746113451876
107746146814376
107746180176824
107746213539272
107746246901772
107746280264220
107746313626668
107746346989168
107746380351616
107746413714064
107746447076564
107746480439012
107746513801460
107746547163960
107746580526408
107746613888908
107746647251356
107746680613803
107746747338751
107746780701199
107746847426147
107746880788595
107746914151095
107746947513543
107746980876043
107747014238491
107747047600939
107747080963439
107747114325887
107747147688335
107747181050835
107747214413283
107747247775731
107747281138231
107747314500678
107747347863126
107747381225626
107747414588074
107747447950574
107747481313022
107747514675470
107747548037970
107747581400418
107747648125366
107747681487814
107747714850262
107747748212762
107747781575210
107747814937710
107747848300158
107747881662606
107747915025106
107747981750001
107748015112501
107748048474949
107748081837397
107748115199897
107748148562345
107748181924845
107748215287293
107748248649741
107748282012241
107748315374689
107748348737137
107748382099637
107748415462085
107748448824533
107748482187033
107748515549481
107748548911928
107748582274428
107748615636876
107748648999376
107748682361824
107748715724272
107748782449220
107748815811668
107748849174168
107748915899064
107748949261564
107748982624012
107749049348960
107749082711408
107749116073908
107749149436356
107749182798803
107749216161303
107749249523751
107749282886199
107749316248699
107749349611147
107749382973595
107749416336095
107749449698543
107749483061043
107749516423491
107749549785939
107749583148439
107749616510887
107749649873335
107749683235835
107749716598283
107749749960731
107749783323231
107749816685678
107749850048126
107749883410626
107749916773074
107749950135522
107749983498022
107750016860470
107750050222970
107750083585418
107750116947866
107750183672814
107750217035262
107750283760210
107750317122710
107750350485158
107750383847606
107750417210106
107750450572553
107750483935001
107750517297501
107750550659949
107750584022397
107750617384897
107750650747345
107750684109845
107750717472293
107750750834741
107750784197241
107750817559689
107750850922137
107750884284637
107750917647085
107750951009533
107750984372033
107751017734481
107751084459428
107751117821876
107751151184324
107751217909272
107751251271772
107751284634220
107751317996668
107751351359168
107751384721616
107751418084064
107751451446564
107751484809012
107751518171460
107751551533960
107751584896408
107751618258908
107751651621356
107751684983803
107751718346303
107751751708751
107751785071199
107751818433699
107751851796147
107751918521095
107751951883543
107751985246043
107752018608491
107752051970939
107752085333439
107752118695887
107752152058335
107752185420835
107752218783283
107752252145731
107752285508231
107752318870678
107752352233126
107752385595626
107752418958074
107752452320574
107752519045470
107752552407970
107752585770418
107752619132866
107752652495366
107752685857814
107752719220262
107752752582762
107752785945210
107752819307710
107752852670158
107752886032606
107752919395106
107752952757553
107752986120001
107753019482501
107753052844949
107753086207397
107753119569897
107753152932345
107753186294845
107753219657293
107753253019741
107753286382241
107753319744689
107753353107137
107753386469637
107753419832085
107753453194533
107753486557033
107753519919481
107753553281928
107753586644428
107753653369324
107753686731824
107753753456772
107753786819220
107753820181668
107753853544168
107753886906616
107753920269064
107753986994012
107754020356460
107754053718960
107754087081408
107754120443908
107754153806356
107754220531303
107754253893751
107754320618699
107754353981147
107754387343595
107754420706095
107754454068543
107754487431043
107754520793491
107754554155939
107754587518439
107754620880887
107754654243335
107754687605835
107754720968283
107754754330731
107754787693231
107754821055678
107754887780626
107754921143074
107754954505574
107754987868022
107755029525729
107755062850052
107755096174427
107755121203543
107755154566043
107755187928491
107755221290939
107755254653439
107755288015887
107755321378335
107755354740835
107755388103283
107755421465731
107755454828231
107755496485885
107755529810260
107755563134635
107755596458958
107755629783333
107755696432031
107755729756406
107755763080729
107755796405104
107755829729479
107755863053802
107755896378177
107755929702552
107755963026875
107755996351250
107756029675573
107756062999948
107756096324323
107756129648646
107756162973021
107756196297396
107756229621719
107756262946094
107756296270417
107756329594792
107756362919167
107756396243490
107756429567865
107756462892240
107756496216563
107756529540938
107756562865260
107756596189635
107756629514010
107756696162708
107756729487083
107756762811406
107756796135781
107756829460104
107756862784479
107756929433177
107756962757552
107756996081927
107757029406250
107757062730625
107757096055000
107757129379323
107757162703698
107757196028021
107757229352396
107757262676771
107757296001094
107757329325469
107757362649792
107757395974167
107757429298542
107757462622865
107757495947240
107757529271615
107757562595938
107757629244688
107757662569010
107757695893385
107757729217708
107757762542083
107757795866458
107757820895574
107757854258022
107757887620522
107757920982970
107757954345418
107757987707918
107758021070366
107758054432866
107758087795314
107758121157762
107758154520262
107758187882710
107758221245158
107758254607658
107758287970106
107758321332553
107758354695053
107758388057501
107758421419949
107758454782449
107758488144897
107758521507397
107758563165052
107758596489427
107758629813750
107758663138125
107758696462500
107758729786823
107758763111198
107758796435573
107758829759896
107758863084271
107758896408594
107758929732969
107758963057344
107758996381667
107759038039375
107759071363750
107759138012448
107759171336823
107759204661146
107759237985521
107759271309843
107759304634218
107759337958593
107759371282916
107759404607291
107759437931614
107759471255989
107759537904687
107759571229062
107759604553437
107759671202135
107759704526510
107759737850833
107759771175208
107759804499531
107759837823906
107759871148281
107759904472604
107759937796979
107759971121302
107760004445677
107760037770052
107760071094375
107760104418750
107760137743125
107760171067448
107760204391823
107760237716198
107760271040521
107760304364896
107760337689218
107760371013593
107760404337968
107760437662291
107760470986666
107760504311041
107760537635364
107760570959739
107760637608437
107760670932812
107760704257135
107760770905885
107760804230208
107760837554583
107760904203281
107760937527656
107760970851979
107761037500677
107761070825052
107761104149427
107761170798125
107761204122500
107761262437865
107761295762240
107761329086563
107761362410938
107761395735260
107761429059635
107761462384010
107761495708333
107761529032708
107761562357083
107761595681406
107761629005781
107761662330104
107761695654479
107761728978854
107761762303177
107761795627552
107761828951927
107761862276250
107761895600625
107761928924948
107761962249323
107761995573698
107762028898021
107762062222396
107762095546771
107762128871094
107762162195469
107762195519792
107762228844167
107762262168542
107762295492865
107762320522033
107762353884481
107762387246928
107762420609428
107762453971876
107762487334376
107762520696824
107762554059272
107762587421772
107762620784220
107762654146668
107762687509168
107762720871616
107762754234064
107762787596564
107762829254219
107762862578594
107762895902969
107762929227292
107762962551667
107763029200365
107763062524740
107763095849063
107763129173438
107763162497813
107763195822135
107763229146510
107763262470885
107763295795208
107763329119583
107763362443906
107763395768281
107763462416979
107763495741354
107763529065729
107763562390052
107763595714427
107763629038750
107763662363125
107763695687500
107763729011823
107763762336198
107763795660573
107763828984896
107763895633594
107763937291302
107763970615677
107764037264375
107764070588750
107764103913073
107764137237448
107764170561823
107764203886146
107764237210521
107764270534843
107764303859218
107764337183593
107764370507916
107764403832291
107764437156614
107764470480989
107764503805364
107764537129687
107764570454062
107764603778437
107764637102760
107764670427135
107764703751510
107764737075833
107764770400208
107764803724531
107764837048906
107764870373281
107764903697604
107764937021979
107764970346302
107765003670677
107765036995052
107765070319375
107765103643750
107765170292448
107765203616823
107765270265521
107765303589896
107765336914218
107765403562968
107765436887291
107765470211666
107765536860364
107765570184739
107765603509062
107765636833437
107765678491146
107765745139844
107765778464219
107765811788542
107765845112917
107765878437240
107765911761615
107765945085990
107765978410313
107766011734688
107766045059063
107766078383386
107766111707761
107766145032084
107766178356459
107766211680834
107766245005157
107766278329532
107766311653907
107766344978230
107766378302605
107766411626927
107766444951302
107766478275677
107766511600000
107766544924375
107766578248750
107766611573073
107766644897448
107766678221771
107766711546146
107766744870521
107766778194844
107766811519219
107766844843594
107766878167917
107766944816667
107766978140990
107767011465365
107767044789688
107767078114063
107767144762761
107767178087136
107767211424991
107767246501437
107767281053377
107767315178971
107767349009491
107767415833088
107767449157463
107767482481838
107767515806161
107767549014800
107767582097131
107767615030609
107767647776831
107767680450438
107767712845395
107767744975504
107767777925521
107767811249896
107767844574219
107767877898594
107767911222969
107767944547292
107767977871667
107768011196042
107768044520365
107768077844740
107768111169063
107768136160104
107768169484479
107768202808802
107768236133177
107768269457552
107768302781875
107768336106250
107768369430573
107768402754948
107768436079323
107768469403646
107768502728021
107768536052396
107768569376718
107768602701093
107768636025416
107768669349791
107768702674166
107768735998489
107768769322864
107768802647239
107768835971562
107768869295937
107768902620260
107768969269010
107769002593333
107769035917708
107769102566406
107769135890781
107769169215104
107769202539479
107769235863854
107769269188177
107769302512552
107769335836927
107769369161250
107769402485625
107769435809948
107769469134323
107769502458698
107769535783021
107769602431771
107769635756093
107769669080468
107769735729166
107769769053541
107769802377864
107769835702239
107769902350937
107769935675312
107769968999687
107770002324010
107770035648385
107770068972708
107770102297083
107770135621458
107770168945781
107770202270156
107770235594531
107770268918854
107770302243229
107770335567552
107770368891927
107770402216302
107770435540625
107770468865000
107770502189375
107770535513698
107770568838073
107770602162396
107770635486771
107770668811146
107770702135468
107770735459843
107770777117552
107770810441875
107770843766250
107770877090573
107770910414948
107770943739323
107770977063646
107771010388021
107771043712396
107771077036719
107771110361094
107771143685417
107771177009792
107771210334167
107771243658490
107771276982865
107771343631563
107771376955938
107771410280261
107771476929011
107771510253334
107771543577709
107771610226407
107771643550782
107771676875157
107771710199480
107771743523855
107771776848177
107771810172552
107771843496927
107771876821250
107771910145625
107771943469948
107771976794323
107772010118698
107772043443021
107772110091771
107772143416094
107772210064844
107772243389167
107772276713542
107772310037865
107772343362240
107772376686615
107772410010938
107772443335313
107772476659636
107772509984011
107772543308386
107772576632709
107772609957084
107772643281459
107772676605782
107772709930157
107772743254532
107772776578855
107772809903230
107772843227552
107772876551927
107772909876302
107772943200625
107772976525000
107773009849375
107773043173698
107773076498073
107773109822396
107773143146771
107773176471146
107773209795469
107773243119844
107773276444219
107773309768542
107773343092917
107773376417240
107773409741615
107773443065990
107773476390313
107773509714688
107773543039063
107773576363386
107773609687761
107773643012084
107773676336459
107773709660834
107773742985157
107773776309532
107773809633907
107773842958230
107773876282605
107773909606927
107773942931302
107773976255677
107774009580000
107774042904375
107774076228750
107774109553073
107774142877448
107774176201771
107774209526146
107774242850521
107774309499219
107774342823594
107774376147917
107774409472292
107774442796615
107774476120990
107774509445365
107774542769688
107774576094063
107774609418438
107774642742761
107774676067136
107774709391459
107774742715834
107774776040209
107774809364532
107774842688907
107774876013282
107774909337605
107774942661980
107774975986355
107775009310677
107775042635052
107775075959375
107775109283750
107775142608125
107775175932448
107775209256823
107775242581146
107775275905521
107775309229896
107775342554219
107775375878594
107775409202969
107775475851667
107775509176042
107775542500365
107775575824740
107775609149063
107775642473438
107775675797813
107775709122136
107775742446511
107775775770834
107775809095209
107775842419584
107775875743907
107775909068282
107775942392657
107776009041355
107776042365730
107776075690052
107776109014427
107776142338750
107776175663125
107776208987500
107776242311823
107776275636198
107776308960573
107776342284896
107776375609271
107776408933594
107776442257969
107776475582344
107776508906667
107776542231042
107776575555417
107776608879740
107776642204115
107776675528438
107776708852813
107776742177188
107776775501511
107776808825886
107776842150209
107776875474584
107776908798959
107776942123282
107776975447657
107777008772032
107777042096355
107777075420730
107777108745105
107777142069427
107777175393802
107777208718125
107777242042500
107777275366875
107777308691198
107777342015573
107777375339948
107777408664271
107777441988646
107777475313021
107777508637344
107777541961719
107777575286042
107777608610417
107777641934792
107777675259115
107777741907865
107777775232188
107777841880886
107777875205261
107777908529636
107777941853959
107777975178334
107778041827032
107778075151407
107778108475730
107778141800105
107778175124480
107778208448802
107778241773177
107778275097552
107778308421875
107778341746250
107778375070573
107778408394948
107778441719323
107778475043646
107778508368021
107778541692396
107778575016719
107778608341094
107778641665417
107778674989792
107778708314167
107778741638490
107778774962865
107778808287240
107778874935938
107778908260261
107778941584636
107778974909011
107779008233334
107779041557709
107779074882084
107779108206407
107779141530782
107779174855105
107779208179480
107779241503855
107779274828177
107779308152552
107779341476927
107779374801250
107779408125625
107779441449948
107779474774323
107779508098698
107779541423021
107779574747396
107779608071771
107779641396094
107779674720469
107779708044844
107779741369167
107779808017865
107779841342240
107779874666615
107779907990938
107779941315313
107779974639636
107780008455133
107780042229682
107780076080560
107780109987527
107780143759449
107780177418744
107780211058863
107780244680857
107780278217127
107780311809869
107780345325308
107780378772466
107780412156885
107780445540373
107780478864748
107780512189071
107780545513446
107780578896115
107780612277879
107780645658852
107780678983227
107780712363317
107780745687692
107780779067015
107780812391338
107780845769856
107780879094179
107780912418554
107780945796278
107780979120601
107781012444976
107781045769351
107781079093674
107781112418049
107781145742372
107781212391122
107781245715445
107781279039820
107781312364195
107781345688518
107781379012893
107781412337215
107781445765950
107781479090325
107781512414648
107781545739023
107781579063398
107781612387721
107781645813417
107781679137740
107781712462115
107781745786490
107781779110813
107781812435188
107781845759563
107781879083886
107781912408261
107781945732636
107781979056959
107782012381334
107782045705657
107782079030032
107782112354407
107782145678730
107782179003105
107782212327428
107782245651778
107782278976153
107782312300476
107782345624851
107782412273549
107782445597924
107782478922299
107782512196334
107782545469700
107782578794023
107782612118398
107782645442773
107782678767096
107782712091471
107782745415794
107782778740169
107782812064544
107782845388867
107782878661447
107782911985822
107782945310145
107782978634520
107783011852981
107783078280223
107783111488811
107783144571194
107783210828995
107783243872836
107783276822345
107783309573199
107783342542202
107783375391723
107783408204880
107783440747015
107783473696980
107783507021355
107783540345730
107783573670052
107783606994427
107783640318750
107783673643125
107783706967500
107783740291823
107783773616198
107783806940573
107783840264896
107783906913594
107783940237969
107783973562344
107784006886667
107784040211042
107784073535417
107784106859740
107784140184115
107784173508438
107784206832813
107784240157188
107784273481511
107784306805886
107784340130261
107784373454584
107784406778959
107784440103282
107784473427657
107784506752032
107784540076355
107784573400730
107784606725105
107784640049427
107784673373802
107784706698125
107784740022500
107784773346875
107784806671198
107784839995573
107784873319948
107784906644271
107784939968646
107784973292969
107785006617344
107785039941719
107785073266042
107785106590417
107785139914792
107785206563490
107785239887865
107785273212188
107785306536563
107785339860886
107785373185261
107785406509636
107785439833959
107785473158334
107785506482709
107785539807032
107785573131407
107785606455730
107785639780105
107785673104480
107785706428802
107785739753177
107785773077552
107785806401875
107785839726250
107785873050573
107785906374948
107785939699323
107785973023646
107786006348021
107786039672396
107786072996719
107786106321094
107786139645417
107786172969792
107786206294167
107786239618490
107786272942865
107786306267240
107786339591563
107786372915938
107786406240261
107786439564636
107786472889011
107786506213334
107786539537709
107786572862084
107786606186407
107786639510782
107786672835105
107786706159480
107786739483855
107786772808177
107786806132552
107786839456927
107786872781250
107786906105625
107786939429948
107786972754323
107787006078698
107787039403021
107787072727396
107787106051771
107787139376094
107787172700469
107787206024844
107787239349167
107787305997865
107787339322240
107787372646615
107787439295313
107787472619636
107787505944011
107787572592709
107787605917084
107787639241459
107787672565782
107787705890157
107787739214532
107787772538855
107787805863230
107787839187552
107787872511927
107787905836302
107787939160625
107787972485000
107788005809323
107788039133698
107788072458073
107788105782396
107788139106771
107788172431146
107788205755469
107788239079844
107788272404219
107788305728542
107788339052917
107788372377240
107788405701615
107788439025990
107788472350313
107788505674688
107788538999063
107788572323386
107788605647761
107788638972084
107788672296459
107788705620834
107788738945157
107788772269532
107788805593907
107788838918230
107788872242605
107788905566927
107788938891302
107788972215677
107789005540000
107789038864375
107789072188750
107789105513073
107789138837448
107789172161771
107789205486146
107789238810521
107789272134844
107789305459219
107789338783594
107789372107917
107789405432292
107789472080990
107789505405365
107789572054063
107789605378438
107789638702761
107789672027136
107789705351459
107789738675834
107789772000209
107789805324532
107789838648907
107789871973282
107789905297605
107789938621980
107789971946355
107790005270677
107790071919375
107790105243750
107790171892448
107790205216823
107790238541146
107790271865521
107790305189896
107790338514219
107790371838594
107790405162969
107790438487292
107790471811667
107790505136042
107790538460365
107790571784740
107790605109063
107790638433438
107790671757813
107790705082136
107790738406511
107790771730834
107790805055209
107790838379584
107790871703907
107790905028282
107790938352657
107790971676980
107791005001355
107791038325730
107791071650052
107791104974427
107791138298750
107791171623125
107791204947500
107791238271823
107791271596198
107791304920573
107791338244896
107791371569271
107791404893594
107791438217969
107791471542344
107791504866667
107791538191042
107791604839740
107791638164115
107791671488438
107791704812813
107791738137188
107791771461511
107791804785886
107791838110209
107791871434584
107791904758959
107791971407657
107792004732032
107792038056355
107792104705105
107792138029427
107792171353802
107792204678125
107792238002500
107792271326875
107792304651198
107792337975573
107792371299948
107792404624271
107792437948646
107792471273021
107792504597344
107792537921719
107792571246042
107792604570417
107792637894792
107792671219115
107792704543490
107792737867865
107792771192188
107792804516563
107792837840886
107792871165261
107792904489636
107792937813959
107792971138334
107793004462709
107793037787032
107793104435730
107793137760105
107793171084480
107793204408802
107793271057552
107793304381875
107793371030573
107793404354948
107793437679323
107793471003646
107793504328021
107793537652396
107793570976719
107793604301094
107793637625417
107793670949792
107793704274167
107793737598490
107793804247240
107793837571563
107793870895938
107793904220261
107793937544636
107793970869011
107794004193334
107794037517709
107794104166407
107794137490782
107794170815105
107794204139480
107794237463855
107794270788177
107794304112552
107794370761250
107794404085625
107794437409948
107794504058698
107794537383021
107794570707396
107794637356094
107794670680469
107794704004844
107794737329167
107794770653542
107794803977865
107794837302240
107794870626615
107794903950938
107794937275313
107794970599636
107795003924011
107795037248386
107795070572709
107795103897084
107795137221459
107795170545782
107795203870157
107795237194532
107795270518855
107795303843230
107795337167552
107795370491927
107795403816302
107795437140625
107795470465000
107795503789323
107795537113698
107795570438073
107795603762396
107795637086771
107795670411146
107795703735469
107795737059844
107795770384219
107795803708542
107795837032917
107795870357240
107795903681615
107795937005990
107795970330313
107796003654688
107796036979063
107796070303386
107796103627761
107796170276459
107796203600834
107796236925157
107796270249532
107796303573907
107796336898230
107796370222605
107796403546927
107796436871302
107796470195677
107796503520000
107796536844375
107796570168750
107796603493073
107796636817448
107796670141771
107796703466146
107796736790521
107796770114844
107796803439219
107796836763594
107796870087917
107796903412292
107796936736615
107796970060990
107797003385365
107797070034063
107797103358438
107797170007136
107797203331459
107797236655834
107797269980209
107797303304532
107797336628907
107797369953282
107797403277605
107797436601980
107797469926355
107797503250677
107797536575052
107797569899375
107797603223750
107797636548125
107797669872448
107797703196823
107797736521146
107797769845521
107797803169896
107797836494219
107797869818594
107797903142969
107797936467292
107797969791667
107798003116042
107798036440365
107798069764740
107798103089063
107798136413438
107798169737813
107798203062136
107798236386511
107798269710834
107798303035209
107798336359584
107798369683907
107798403008282
107798436332657
107798469656980
107798502981355
107798536305730
107798569630052
107798602954427
107798669603125
107798702927500
107798736251823
107798769576198
107798802900521
107798836224896
107798869549271
107798902873594
107798936197969
107798969522344
107799002846667
107799036171042
107799102819740
107799136144115
107799169468438
107799202792813
107799269441511
107799302765886
107799369414584
107799402738959
107799436063282
107799502712032
107799536036355
107799569360730
107799602685105
107799636009427
107799702658125
107799735982500
107799769306875
107799835955573
107799869279948
107799902604271
107799935928646
107799969253021
107800002577344
107800035901719
107800069226042
107800102550417
107800135874792
107800169199115
107800202523490
107800235847865
107800269172188
107800302496563
107800335820886
107800369145261
107800402469636
107800435793959
107800469118334
107800502442709
107800535767032
107800569091407
107800602415730
107800635740105
107800669064480
107800702388802
107800735713177
107800769037552
107800802361875
107800835686250
107800869010573
107800902334948
107800935659323
107800968983646
107801002308021
107801035632396
107801068956719
107801102281094
107801170295421
107801205167823
107801239439518
107801273545661
107801306924179
107801373572877
107801406897200
107801440221575
107801506228323
107801538081308
107801568822084
107801602146407
107801635470782
107801702119480
107801735443855
107801768768177
107801802092552
107801835416927
107801868741250
107801902065625
107801935389948
107801968714323
107802002038698
107802035363021
107802068687396
107802102011771
107802135336094
107802168660469
107802235309167
107802268633542
107802301957865
107802335282240
107802368606615
107802401930938
107802435255313
107802468579636
107802501904011
107802535228386
107802568552709
107802601877084
107802635201459
107802668525782
107802701850157
107802735174532
107802768498855
107802801823230
107802835147552
107802868471927
107802901796302
107802935120625
107802968445000
107803001769375
107803035093698
107803068418073
107803101742396
107803135066771
107803168391146
107803201715469
107803235039844
107803268364219
107803301688542
107803335012917
107803368337240
107803401661615
107803434985990
107803468310313
107803501634688
107803534959011
107803568283386
107803601607761
107803634932084
107803668256459
107803701580834
107803734905157
107803768229532
107803801553907
107803834878230
107803868202605
107803901526927
107803934851302
107804001500000
107804034824375
107804068148750
107804101473073
107804134797448
107804168121771
107804201446146
107804234770521
107804268094844
107804301419219
107804334743594
107804368067917
107804401392292
107804434716615
107804468040990
107804501365365
107804534689688
107804568014063
107804601338438
107804634662761
107804667987136
107804701311459
107804734635834
107804767960209
107804801284532
107804834608907
107804867933282
107804901257605
107804934581980
107804967906355
107805001230677
107805034555052
107805067879375
107805101203750
107805134528125
107805167852448
107805201176823
107805234501146
107805267825521
107805301285485
107805334848577
107805368404766
107805402172713
107805435497036
107805468712963
107805501927277
107805534794723
107805567744740
107805601069063
107805634393438
107805667717813
107805701042136
107805734366511
107805767690834
107805801015209
107805834339584
107805867663907
107805900988282
107805967636980
107806000961355
107806034285730
107806067610052
107806100934427
107806134258750
107806167583125
107806200907500
107806234231823
107806267556198
107806300880521
107806334204896
107806367529271
107806400853594
107806434177969
107806467502344
107806500826667
107806534151042
107806567475417
107806600799740
107806667448438
107806700772813
107806734097188
107806767421511
107806800745886
107806834070261
107806867394584
107806900718959
107806934043282
107806967367657
107807000692032
107807034016355
107807067340730
107807100665105
107807133989427
107807200638125
107807233962500
107807267286875
107807333935573
107807367259948
107807400584271
107807467233021
107807500557344
107807533881719
107807567206042
107807600530417
107807633854792
107807667179115
107807700503490
107807733827865
107807767152188
107807800476563
107807833800886
107807867125261
107807900449636
107807933773959
107807967098334
107808000422709
107808067071407
107808100395730
107808167044480
107808200368802
107808233693177
107808267017552
107808300341875
107808333666250
107808366990573
107808400314948
107808433639323
107808466963646
107808500288021
107808533612396
107808566936719
107808600261094
107808666909792
107808700234167
107808733558490
107808766882865
107808800207240
107808833531563
107808866855938
107808900180261
107808966829011
107809000153334
107809033477709
107809066802084
107809100126407
107809133450782
107809166775157
107809200099480
107809233423855
107809266748177
107809300072552
107809333396927
107809366721250
107809400045625
107809433369948
107809466694323
107809500018698
107809533343021
107809566667396
107809599991771
107809633316094
107809666640469
107809699964844
107809733289167
107809766613542
107809799937865
107809833262240
107809866586615
107809899910938
107809933235313
107809966559636
107809999884011
107810033208386
107810066532709
107810099857084
107810133181459
107810166505782
107810199830157
107810233154532
107810266478855
107810299803230
107810333127552
107810366451927
107810399776302
107810433100625
107810466425000
107810499749375
107810533073698
107810599722396
107810633046771
107810666371146
107810699695469
107810733019844
107810766344219
107810799668542
107810832992917
107810866317240
107810899641615
107810932965990
107810966290313
107810999614688
107811032939063
107811066263386
107811099587761
107811132912084
107811166236459
107811199560834
107811232885157
107811266209532
107811299533907
107811332858230
107811366182605
107811399506927
107811432831302
107811466155677
107811499480000
107811532804375
107811566128750
107811599453073
107811632777448
107811666101771
107811699426146
107811732750521
107811766074844
107811799399219
107811832723594
107811866047917
107811899372292
107811932696667
107811966020990
107811999345365
107812032669688
107812057660729
107812090985104
107812157633802
107812190958125
107812257606875
107812290931198
107812324255573
107812357579948
107812424228646
107812457553021
107812490877343
107812557526041
107812590850416
107812624174791
107812657499114
107812699156823
107812732481146
107812765805521
107812799129896
107812824120885
107812857445260
107812890769635
107812924093958
107812957418333
107812990742708
107813024067031
107813057391406
107813090715729
107813124040104
107813157364479
107813190688802
107813224013177
107813257337552
107813290661875
107813323986250
107813357310573
107813390634948
107813423959323
107813457283646
107813490608021
107813523932396
107813557256718
107813590581093
107813623905416
107813657229791
107813690554166
107813723878489
107813757202864
107813790527239
107813823851562
107813857175937
107813923824635
107813957149010
107813990473333
107814057122083
107814090446406
107814123770781
107814182086146
107814215410521
107814248734844
107814282059219
107814315383594
107814348707917
107814382032292
107814415356615
107814448680990
107814482005365
107814515329688
107814548654063
107814581978438
107814615302760
107814648627135
107814681951458
107814715275833
107814748600208
107814781924531
107814815248906
107814848573281
107814881897604
107814915221979
107814948546354
107814981870677
107815006899845
107815040262293
107815073624741
107815106987241
107815140349689
107815173712137
107815207074637
107815240437085
107815273799533
107815307162033
107815340524481
107815373886928
107815407249428
107815440611876
107815473974376
107815507336824
107815540699272
107815574061772
107815649043802
107815682368177
107815715692500
107815749016875
107815782341198
107815815665573
107815848989948
107815882314271
107815915638646
107815948962969
107815990620677
107816023945052
107816057269375
107816090593750
107816123918125
107816157242448
107816190566823
107816223891198
107816257215521
107816290539896
107816357188593
107816390512968
107816423837291
107816457161666
107816490486041
107816523810364
107816557134739
107816590459062
107816623783437
107816657107812
107816690432135
107816723756510
107816757080885
107816790405208
107816823729583
107816857053906
107816890378281
107816923702656
107816957026979
107816990351354
107817023675729
107817057000052
107817090324427
107817123648750
107817156973125
107817190297500
107817223621823
107817256946198
107817290270573
107817323594896
107817356919271
107817390243593
107817423567968
107817456892343
107817490216666
107817523541041
107817556865416
107817590189739
107817623514114
107817656838437
107817690162812
107817723487187
107817756811510
107817790135885
107817823460260
107817856784583
107817890108958
107817923433281
107817956757656
107817990082031
107818023406354
107818056730729
107818090055104
107818123379427
107818156703802
107818190028125
107818223352500
107818256676875
107818290001198
107818323325573
107818356649948
107818389974271
107818423298646
107818456623021
107818489947343
107818556596041
107818589920416
107818623244791
107818656569114
107818689893489
107818723217812
