76366958902746
76366992227121
76367025551444
76367058875819
76367092200194
76367125524517
76367158848892
76367192173267
76367225497590
76367258821965
76367292146288
76367325470663
76367358795038
76367392119361
76367425443736
76367458768059
76367492092434
76367525416809
76367558741132
76367592065507
76367625389882
76367658714205
76367692038580
76367725362955
76367758687278
76367792011653
76367825335975
76367891984725
76367925309048
76367958633423
76367991957746
76368025282121
76368058606496
76368091930819
76368125255194
76368158579569
76368191903892
76368225228267
76368258552642
76368291876965
76368325201340
76368358525663
76368391850038
76368425174413
76368491823111
76368525147434
76368558471809
76368591796184
76368625120507
76368658444882
76368691769257
76368725093580
76368758417955
76368791742330
76368858391028
76368891715350
76368925039725
76368991688423
76369025012798
76369058337173
76369124985871
76369158310194
76369191634569
76369224958944
76369258283267
76369291607642
76369324932017
76369358256340
76369391580715
76369424905090
76369458229413
76369491553788
76369524878111
76369558202486
76369624851184
76369658175559
76369691499882
76369724824257
76369758148632
76369791472955
76369824797330
76369858121705
76369891446028
76369924770403
76369958094725
76369991419100
76370024743475
76370058067798
76370091392173
76370124716548
76370158040871
76370191365246
76370224689569
76370258013944
76370291338319
76370324662642
76370357987017
76370391311392
76370424635715
76370457960090
76370491284465
76370524608788
76370557933163
76370591257486
76370624581861
76370657906236
76370691230559
76370724554934
76370757879257
76370791203632
76370824528007
76370857852330
76370891176705
76370924501080
76370957825403
76370991149778
76371024474153
76371057798475
76371091122850
76371124447173
76371157771548
76371191095923
76371224420246
76371257744621
76371291068944
76371324393319
76371357717694
76371391042017
76371424366392
76371457690767
76371491015090
76371524339465
76371557663840
76371590988163
76371624312538
76371657636861
76371690961236
76371724285611
76371757609934
76371790934309
76371824258684
76371857583007
76371890907382
76371924231705
76371957556080
76371990880455
76372057529153
76372090853528
76372124177850
76372157502225
76372190826548
76372224150923
76372257475298
76372290799621
76372324123996
76372357448371
76372390772694
76372424097069
76372457421392
76372490745767
76372524070142
76372557394465
76372590718840
76372624043215
76372657367538
76372690691913
76372724016288
76372757340611
76372790664986
76372823989309
76372857313684
76372890638059
76372923962382
76372957286757
76372990611080
76373023935455
76373057259830
76373090584153
76373123908528
76373157232903
76373190557225
76373223881600
76373257205923
76373290530298
76373323854673
76373357178996
76373390503371
76373423827746
76373490476444
76373523800767
76373557125142
76373590449517
76373623773840
76373657098215
76373690422590
76373723746913
76373757071288
76373790395663
76373823719986
76373857044361
76373890368684
76373923693059
76373990341757
76374023666132
76374056990455
76374090314830
76374123639205
76374156963580
76374190287903
76374223612278
76374256936600
76374290260975
76374323585350
76374356909673
76374390234048
76374423558371
76374456882746
76374490207121
76374523531444
76374556855819
76374590180142
76374623504517
76374656828892
76374690153267
76374723477590
76374790126288
76374823450663
76374856775038
76374890099361
76374923423736
76374956748059
76374990072434
76375056721132
76375090045507
76375123369882
76375190018580
76375223342955
76375256802867
76375290366011
76375323922147
76375357246522
76375390684260
